     0.050070148  0.984
     0.100265812  0.999
     0.150448201  1.000
     0.200701573  4.088
     0.250943905  1.002
     0.301222925  4.345
     0.351562259  8.365
     0.402116486  7.723
     0.452743490  3.797
     0.503071312  5.314
     0.553507207  6.910
     0.603776870  5.629
     0.654041643  1.003
     0.704773444  15.222
     0.755193098  14.122
     0.805765650  14.306
     0.859777830  14.842
     0.910119327  13.765
     0.961929402  14.730
     1.013862407  16.097
     1.065765777  14.069
     1.116937914  10.272
     1.170974770  8.065
     1.221500212  7.191
     1.271855134  14.419
     1.322771501  15.645
     1.373238433  14.513
     1.423774676  14.072
     1.476942941  15.203
     1.527374908  14.473
     1.579876421  14.832
     1.630835648  15.242
     1.681148651  9.477
     1.731413575  5.467
     1.781696321  4.325
     3.290501665  1.026
     3.340740738  6.411
     3.391102652  6.005
     3.441458645  8.769
     3.491888507  6.771
     3.542166213  1.192
     3.593773475  8.731
     3.647967705  12.466
     3.706650263  17.178
     3.757266675  15.535
     3.809061489  15.273
     3.861430562  15.950
     3.914188204  15.699
     3.966850106  15.026
     4.017195649  12.100
     4.067516124  13.528
     4.118827441  12.309
     4.169327974  5.050
     4.220520778  3.432
     4.271540306  6.316
     4.321763739  5.426
     4.371948831  4.582
     4.422195277  4.706
     4.472430473  4.617
     4.522642184  10.302
     4.574044681  15.172
     4.624306978  13.761
     4.674917257  14.198
     4.725714899  15.136
     4.776285033  14.952
     4.826847754  13.985
     4.877139105  12.803
     4.928352396  14.661
     4.980312960  15.207
     5.030928269  13.033
     5.083296890  15.372
     5.133859189  14.970
     5.184505826  14.384
     5.236201253  13.613
     5.287853688  14.318
     5.338233555  15.096
     5.389335758  15.060
     5.439627549  14.614
     5.489853717  15.126
     5.540539237  14.600
     5.590817292  15.315
     5.641594725  11.494
     5.691835070  7.542
     5.742073220  11.491
     5.792778097  11.212
     5.843149928  9.512
     5.893763743  9.625
     5.944768793  9.920
     5.995146495  10.690
     6.045364437  12.279
     6.095638484  11.679
     6.145902232  7.559
     6.196143698  6.091
     6.246396184  10.331
     6.296791118  12.386
     6.347102806  15.758
     6.397466451  13.639
     6.447794961  12.372
     6.498184254  13.771
     6.548478990  13.660
     6.598762926  12.821
     6.649074343  14.638
     6.699399056  14.344
     6.749723277  3.762
     6.800267171  1.008
     6.840633425  0.803
