     0.050089772     0.990
     0.100317782     1.007
     0.150549590     0.996
     0.200852832     3.978
     0.251072196     1.004
     0.301307851     4.630
     0.351549147     8.513
     0.401979477     7.625
     0.452598261     3.675
     0.503189693     4.749
     0.553612700     7.030
     0.604019596     6.164
     0.654244862     1.005
     0.704498971    11.866
     0.756711324    10.518
     0.807073577     9.110
     0.857435819     8.768
     0.908387658     9.642
     0.958631047    12.270
     1.008945650    11.444
     1.059709035     9.792
     1.110089883     5.343
     1.160308786     4.955
     1.210639219     4.605
     1.261026749     3.561
     1.311244681     3.899
     1.361458174     3.343
     1.411722133     1.397
     1.421722133     0
     3.420708150     0
     3.424708150     6.629
     3.475069601     9.081
     3.525525990     9.722
     3.575886820    12.014
     3.626167539    11.486
     3.676396712     8.822
     3.727704348     8.092
     3.778061521     9.637
     3.828305131    11.598
     3.879297035     3.417
     3.929572755     5.373
     3.979893640     4.630
     4.030113856     3.695
     4.080359059     3.758
     4.130628607     3.877
     4.180849364     3.446
     4.231080571     3.954
     4.281306448     3.334
     4.331535170     3.270
     4.381721071     3.793
     4.431932261     3.429
     4.482162686     3.403
     4.532416104     8.289
     4.582629237     3.676
     4.632874901     1.764
     4.683189554    12.062
     4.733637988     8.840
     4.784549982     9.161
     4.834959433    10.659
     4.885316395    10.920
     4.936659387    10.501
     4.988176336    10.602
     5.040132879    10.631
     5.090433005    10.258
     5.140816107     8.331
     5.191124769     1.006
     5.241429072     1.006
     5.291674857     1.005
     5.341936079     1.005
     5.392203794     1.005
     5.442442395     4.336
     5.492911978     5.823
     5.543199751     2.855
     5.593377097     5.736
     5.643573478     5.929
     5.693834671     4.388
     5.744071599     4.433
     5.794295411     4.411
     5.845562672     4.967
     5.896704797    14.333
     5.948060523    13.373
     5.999050223    14.855
     6.049861768    14.799
     6.101534669    14.912
     6.152325535    14.835
     6.202779009    14.707
     6.254721376    12.689
     6.305607240    14.996
     6.356082545    14.866
     6.407504706    12.736
     6.458322933    14.906
     6.509300861    15.177
     6.559960852    14.494
     6.610339185    14.731
     6.661084596    13.579
     6.711601619    14.552
     6.762074639    14.832
     6.812605959    13.839
     6.864177570    15.035
     6.915565777    15.401
     6.966418349    14.050
     7.016821558     9.141
     7.067200182     7.865
     7.117413425    11.314
     7.167719912     9.958
     7.218084259     9.854
     7.268706850     9.717
     7.319716497    10.271
     7.370633820    10.914
     7.420873333    11.815
     7.471137191    11.727
     7.521432998     7.574
     7.571876443     6.285
     7.622707235    12.317
     7.673047225    13.087
     7.723727805    15.913
     7.774712345    12.739
     7.825244286    13.845
     7.875485261    13.173
     7.925890834    13.566
     7.976196681    12.250
     8.026534548    13.823
     8.076708457    14.241
     8.127051513     5.283
     8.177705072     3.515
     8.228054200     9.581
     8.278291558    11.845
     8.328592987    10.990
     8.378877694    10.012
     8.429717272     9.118
     8.482795760    10.195
     8.533911616     9.265
     8.585387818    11.947
     8.635644993     3.230
     8.685936583     6.024
     8.736163271     4.015
     8.786391813     3.802
     8.836602030     3.363
     8.886802569     4.833
     8.937708512     3.474
     8.988104708     3.597
     9.038328431     3.501
     9.088601466     3.040
     9.141713246     3.569
     9.192059168     3.371
     9.242615384     4.410
     9.292990020     9.585
     9.343217710     1.191
     9.393716418     9.358
     9.444193586     9.813
     9.494458737    10.837
     9.544742843    11.239
     9.595073977    11.070
     9.645341902    11.061
     9.696420659    10.302
     9.747541815    10.802
     9.798136073     9.370
     9.848656812     8.986
     9.898894131     1.004
     9.949149853     1.005
     9.999426284     1.005
    10.049648103     1.004
    10.099886353     1.005
    10.150094366     1.004
    10.201125914     6.893
    10.251887916     4.527
    10.303000066     6.755
    10.353798877     5.973
    10.404556080     5.056
    10.454924414     4.749
    10.505184846     4.602
    10.555803309    12.619
    10.606760187    15.103
    10.657261420    15.256
    10.709176896    13.390
    10.760175292    13.386
    10.810635768    13.029
    10.861180393    12.518
    10.913006682    13.877
    10.963804832    11.791
    11.015314787    14.610
    11.065703349    14.826
    11.117141109    13.286
    11.168033195    14.105
    11.218322992    13.779
    11.269292093    13.547
    11.319734846    14.422
    11.371125929    15.337
    11.421481268    13.671
    11.473680627    14.929
    11.525309706    14.303
    11.576576575    14.538
    11.627743958    14.509
    11.678308770    13.875
    11.728537252    13.984
    11.779137671     8.538
    11.829543625     7.817
    11.879896851     9.685
    11.930300802    10.647
    11.980487325    11.906
    12.030805605    11.630
    12.081929386    10.894
    12.132422233     9.690
    12.183713147    10.061
    12.234102200     8.775
    12.284446770     8.568
    12.334701390     9.783
    12.385104469    10.103
    12.435632363    15.906
    12.485873077    15.411
    12.536193561    10.848
    12.589714569    16.287
    12.640081851    13.424
    12.690431389    12.529
    12.740668146    14.506
    12.791224613    13.592
    12.842026631     6.370
    12.892301409    11.416
    12.944711122    10.877
    12.995089345     8.823
    13.045494207     8.566
    13.095909189    10.407
    13.146151666    12.143
    13.196480556    11.635
    13.247716488     9.040
    13.298081265     6.002
    13.348295790     4.708
    13.398577992     5.381
    13.448805342     4.040
    13.499024075     3.710
    13.550823834     5.383
    13.601319637     2.806
    13.651918453     3.144
    13.702148007     3.421
    13.752418968     3.455
    13.802724524     3.484
    13.853039728     3.340
    13.903318454     3.765
    13.953565180     7.395
    14.003994839     5.656
    14.054229302     1.197
    14.104433959    12.090
    14.155160885    10.476
    14.205543155    12.499
    14.256459978    12.776
    14.307439238    12.230
    14.357796030    12.673
    14.408137804    12.745
    14.458722053    13.468
    14.509215451     1.193
    14.559528191     1.005
    14.609695157     1.001
    14.659888423     1.003
    14.710205591     4.787
    14.760857456     5.715
    14.811115013     4.638
    14.861385693     4.970
    14.911652146     4.306
    14.961951110     4.326
    15.012172197     4.861
    15.062370252     5.156
    15.112982143    11.272
    15.163365775    15.001
    15.214614090    15.117
    15.265794126    15.060
    15.317083668    14.713
    15.368993313    13.743
    15.419466574    13.818
    15.470756567    12.271
    15.521679080    15.064
    15.571988333    13.970
    15.623399013    12.722
    15.674733339    15.108
    15.725252756    15.236
    15.776621246    14.461
    15.828345263    14.185
    15.880288942    14.887
    15.930514868    12.820
    15.980989412    15.139
    16.032338185    15.424
    16.083620082    14.767
    16.134449521    14.086
    16.185782645    14.614
    16.236060268    13.534
    16.286310240     8.482
    16.337709067     9.354
    16.388707163     9.707
    16.442716456    10.553
    16.493017905    11.146
    16.543174221    11.664
    16.593402953    11.631
    16.643710363     8.817
    16.694715421     6.926
    16.745590325    10.864
    16.795847961     7.800
    16.846198582     5.784
    16.896707459    11.364
    16.947171433    12.310
    16.997453344    15.683
    17.047673711    13.310
    17.097993604    13.036
    17.148392625    13.554
    17.198615085    13.722
    17.248867983    12.537
    17.299090553    14.307
    17.349315768    14.406
    17.400714555     5.231
    17.451071828    11.096
    17.501321991    11.511
    17.551707196    10.852
    17.602722033     8.662
    17.653204471     8.910
    17.703604374     9.396
    17.753860207    12.316
    17.804120167    11.494
    17.854390738     2.726
    17.904657711     6.415
    17.955016608     4.121
    18.005248786     3.913
    18.055467479     3.937
    18.105702453     5.303
    18.155991889     2.485
    18.206262219     3.356
    18.256548298     3.365
    18.306849276     3.938
    18.357111631     3.439
    18.407554024     3.681
    18.459715772     3.456
    18.510037719     4.375
    18.560230503    10.763
    18.610549344     1.840
    18.660794156     4.812
    18.711232381    10.379
    18.761809346    13.328
    18.813020081    12.640
    18.863370591    12.215
    18.913708909    12.814
    18.964371575    13.376
    19.015490677    13.970
    19.065983514     5.929
    19.116359252     1.007
    19.166635463     1.005
    19.216892678     1.005
    19.267169480     1.005
    19.317429871     8.664
    19.367655718     4.662
    19.417895030     4.751
    19.468109826     4.612
    19.518383632     4.567
    19.568606774     4.688
    19.618854221     4.269
    19.669314267     8.912
    19.720387904    14.977
    19.771450269    14.183
    19.822084853    15.003
    19.874038741    14.199
    19.925780711    14.784
    19.976028409    14.450
    20.026346649    14.370
    20.076541878    11.843
    20.126904772    13.240
    20.179910383    16.113
    20.230289908    13.162
    20.280884055    15.246
    20.331876730    15.321
    20.382097577    15.193
    20.432397873    15.073
    20.483188219    14.851
    20.535096271    15.777
    20.585356743    15.007
    20.636052641    14.363
    20.686500434    13.533
    20.737874334    14.941
    20.788700787    15.563
    20.838985164     9.860
    20.889392340     7.702
    20.939675494    11.296
    20.990019212     9.796
    21.040704470     8.747
    21.091717534     8.971
    21.142039681    10.621
    21.192267060    11.144
    21.242707229    10.541
    21.293058872     8.153
    21.344233909     8.131
    21.394713301     8.065
    21.445515779     9.384
    21.495733731     9.393
    21.546126420    15.024
    21.596410426    15.743
    21.646636423    11.287
    21.696925969    13.303
    21.748360633    13.237
    21.798755737    13.961
    21.849017471    12.132
    21.899262143    11.652
    21.949613325    14.815
    21.999955329    14.081
    22.050161018     3.291
    22.100370233    11.821
    22.150620095    11.075
    22.201703861     8.928
    22.252050694     8.005
    22.302438715    10.135
    22.352660013    11.510
    22.403717139    10.543
    22.454211419     7.965
    22.504657329     7.749
    22.556275437     4.168
    22.606492206     5.455
    22.656712372     4.540
    22.706925605     4.217
    22.758874624     3.546
    22.809305876     3.602
    22.860408567     3.166
    22.910665773     3.414
    22.960958174     3.298
    23.011198408     3.234
    23.061428642     3.348
    23.111659278     3.532
    23.161857002     3.060
    23.212230355     8.667
    23.262722010     3.603
    23.313717090     3.847
    23.364107435    10.472
    23.414915534    13.734
    23.465612704    12.291
    23.516099010    13.484
    23.566491399    13.430
    23.617054438    13.351
    23.667612658    11.750
    23.718027198    11.119
    23.768344837     1.006
    23.818615017     1.006
    23.868920262     1.006
    23.919270642     1.004
    23.969514593     8.277
    24.019716524     3.770
    24.069942872     5.120
    24.120130637     5.141
    24.170448967     3.847
    24.220709198     5.161
    24.271154707     5.011
    24.321371917     4.077
    24.371597864    15.080
    24.422748976    15.063
    24.474100935    15.518
    24.524433432    14.608
    24.574906923    14.891
    24.625934894    14.897
    24.676712145    14.962
    24.727490588    12.588
    24.778485337    14.393
    24.829558794    14.445
    24.880422407    11.738
    24.931081015    14.020
    24.982336783    15.387
    25.033085260    15.697
    25.084330850    15.453
    25.135431668    15.500
    25.185854925    12.766
    25.237259813    15.558
    25.287709870    15.127
    25.339184419    15.091
    25.390463421    15.493
    25.440725956    15.334
    25.491210578    14.925
    25.541670123     8.804
    25.591908123     7.335
    25.642191657    11.646
    25.692705204    11.358
    25.743055373     8.409
    25.795712360     9.148
    25.846087507    10.133
    25.896296442    11.752
    25.946709169     9.728
    25.997716572     8.540
    26.048125251     8.785
    26.098639819     7.495
    26.149728164     9.189
    26.200291664     8.983
    26.250534612    14.862
    26.301026247    15.723
    26.351718970    12.587
    26.402293090    14.473
    26.452710596    13.321
    26.503168558    13.967
    26.553570945    13.064
    26.603932957    14.775
    26.654235488    14.419
    26.704632085     5.644
    26.755051084    11.515
    26.805710954     9.171
    26.856053009     7.365
    26.906983517     9.746
    26.957279866    11.616
    27.007550266     9.113
    27.057939128     7.810
    27.108317020    10.432
    27.158519082    11.774
    27.208867308     2.722
    27.259090560     6.144
    27.309408529     4.111
    27.359653522     4.846
    27.410973020     3.501
    27.461329952     4.420
    27.511529149     3.572
    27.561749696     3.415
    27.611969160     3.954
    27.662212219     3.383
    27.712441582     3.336
    27.764513652     3.574
    27.815509924     3.241
    27.865852038     4.239
    27.916244137    10.386
    27.966477718     1.186
    28.016713854     2.596
    28.067036682    11.229
    28.117669252    10.017
    28.168385107    12.870
    28.218819385    11.760
    28.269227834    13.089
    28.319865413    13.442
    28.370490649    13.386
    28.420773392    12.718
    28.471203952     5.971
    28.521510219     1.005
    28.571862974     1.004
    28.622153732     1.004
    28.672740406     1.452
    28.723223856     8.478
    28.773459721     4.252
    28.823907594     5.210
    28.874084288     4.652
    28.924464855     4.414
    28.974702033     4.604
    29.024935373     4.470
    29.075179364     8.735
    29.126149357    15.147
    29.176507171    14.581
    29.229394900    15.281
    29.280030937    15.047
    29.331233445    15.208
    29.381828815    14.704
    29.432884217    14.775
    29.484439187    12.060
    29.534820395    14.252
    29.585446703    15.024
    29.636664981    12.830
    29.687419690    14.730
    29.738364234    15.454
    29.789580689    13.650
    29.840482283    14.239
    29.891270014    13.608
    29.941973647    11.320
    29.993303444    14.639
    30.043636492    14.379
    30.094218536    13.071
    30.145148073    13.667
    30.195533278    14.190
    30.246476531    14.213
    30.297194080    13.937
    30.347502591     6.491
    30.397885072     7.848
    30.448139101    11.941
    30.498719332    11.413
    30.549091103     8.393
    30.599716358     8.429
    30.651852619    10.780
    30.702063206    11.848
    30.752716475    10.557
    30.803081122     8.497
    30.853475324     8.018
    30.903646608     8.131
    30.953880340     7.802
    31.004229047    10.539
    31.054484368    12.838
    31.105130113    15.923
    31.155708811    13.130
    31.206100358    11.670
    31.259714411    16.298
    31.310038381    13.228
    31.360521871    12.773
    31.410712281    13.607
    31.461117084    14.921
    31.511472714    12.753
    31.562715057     5.644
    31.613123145     7.769
    31.663483013    11.719
    31.713690325    10.888
    31.764705683     8.289
    31.815057676     7.697
    31.866781222    10.999
    31.917111174    11.222
    31.968704545     9.055
    32.019061548     6.663
    32.069293135     3.052
    32.119533719     6.095
    32.169811203     4.580
    32.220065843     3.409
    32.270291550     3.872
    32.320525421     4.566
    32.373713344     3.523
    32.424159324     2.433
    32.479917668     4.336
    32.532450242     3.403
    32.582827282     2.395
    32.633091781     3.389
    32.683349427     3.420
    32.733667216    11.613
    32.783912349     1.229
    32.834707704     6.825
    32.885062973    10.170
    32.935624750    12.273
    32.986152132    12.046
    33.036610635    11.711
    33.087370533    13.164
    33.137936298    13.737
    33.189307262    13.692
    33.241289574    12.435
    33.291760440     1.418
    33.341962051     1.004
    33.392133706     1.003
    33.442326410     1.004
    33.492569569     8.373
    33.542808440     3.706
    33.594029453     4.657
    33.644729188     5.066
    33.695849443     4.346
    33.746295051     4.908
    33.797115543     5.263
    33.847522119     3.969
    33.898184003    14.926
    33.948452470    14.687
    33.998780057    12.965
    34.050454391    15.160
    34.100873660    14.747
    34.151295875    14.829
    34.203778024    15.079
    34.254175302    10.687
    34.305467710    14.222
    34.356015801    13.719
    34.406738840    14.999
    34.457617401    13.182
    34.508191911    15.203
    34.558732739    15.317
    34.610288881    15.572
    34.660600518    14.607
    34.711410110    13.780
    34.764016953    16.119
    34.814433176    15.008
    34.866058568    15.808
    34.916963268    15.409
    34.967620474    15.353
    35.018123791    13.423
    35.069845834    10.055
    35.120196544     9.717
    35.171485695    11.034
    35.222718601     8.767
    35.273120027     8.328
    35.324018836     9.998
    35.374230225    11.877
    35.424492029    10.254
    35.475716068     8.928
    35.526069414     8.282
    35.576415957    11.520
    35.626658715     7.842
    35.680719145     6.702
    35.731056160    11.439
    35.781396131    12.480
    35.831811262    15.488
    35.883020052    14.658
    35.933341258    12.585
    35.983812515    13.737
    36.034209082    13.208
    36.084713310    12.816
    36.135031670    13.349
    36.185395756    14.986
    36.235802402    13.674
    36.289716818     3.190
    36.340022624    11.048
    36.390241678    11.392
    36.440705531     8.217
    36.491715017     7.932
    36.542020533    10.937
    36.592236622    11.404
    36.642480512     9.005
    36.692841121     7.350
    36.743197903    10.518
    36.793457804     3.266
    36.843656099     5.615
    36.893913915     4.921
    36.944491241     4.542
    36.994813398     3.174
    37.045029446     4.379
    37.095249151     3.291
    37.145522677     2.140
    37.195708699     3.370
    37.245976394     3.315
    37.296216347     3.308
    37.346450700     3.259
    37.396681005     3.504
    37.446923582     4.375
    37.497334075    10.423
    37.547637287     5.342
    37.597918207     1.185
    37.648141639    11.810
    37.698642291     8.590
    37.749456120    11.876
    37.799882152    11.908
    37.850217073    11.361
    37.900669906    11.568
    37.950909789    11.946
    38.001151124    12.212
    38.051571646    10.850
    38.101949127     8.604
    38.152230788     1.003
    38.202491690     1.004
    38.252754867     1.004
    38.303030336     1.005
    38.353367732     8.058
    38.403622643     3.420
    38.453920304     5.012
    38.504411539     4.754
    38.554935775     3.823
    38.605300422     4.803
    38.655529504     4.569
    38.705820894     5.246
    38.757073406    11.024
    38.807398379    13.502
    38.859806509    14.265
    38.910276504    13.991
    38.961410554    14.506
    39.011784218    13.109
    39.063940265    13.085
    39.115970496    14.339
    39.166234103     9.378
    39.216632343    13.452
    39.267391210    14.174
    39.319044995    14.383
    39.369333239    10.680
    39.420955945    14.314
    39.471197622    14.142
    39.521481307    13.899
    39.571892040    13.420
    39.622272206    13.288
    39.673791639    12.602
    39.725749535    14.629
    39.776211654    14.099
    39.826538610    14.045
    39.878029440    14.338
    39.928354763    13.916
    39.979849029    14.526
    40.030234415    13.583
    40.081022396     8.785
    40.131364450     7.803
    40.181641232    10.763
    40.231975723     8.195
    40.284717979     8.513
    40.335131748    11.398
    40.385479173    11.114
    40.435799928     8.711
    40.486169113     8.177
    40.539869086    10.616
    40.590070497    11.267
    40.640503272     7.285
    40.690704723     6.259
    40.741506650     9.178
    40.791839327     8.054
    40.842065464    13.462
    40.892389484    13.841
    40.942704458    13.666
    40.993032436    12.082
    41.043305251    11.108
    41.093710724    12.849
    41.145715778    12.872
    41.196059396    11.900
    41.246428040    12.607
    41.296874270    11.322
    41.347182802    11.858
    41.397523984    12.310
    41.447922325    13.250
    41.498282303    13.815
    41.548672277     6.969
    41.599000064     9.476
    41.649722853     7.718
    41.700139608     8.643
    41.750380613    12.055
    41.800714221     8.943
    41.851710323     7.582
    41.902099956    10.906
    41.952706166    10.039
    42.003123713     7.718
    42.053602584     8.384
    42.103850972     2.914
    42.154085094     5.415
    42.204328003     4.156
    42.254601148     3.532
    42.304848956     2.578
    42.355087096     4.507
    42.405304997     3.178
    42.456490113     3.028
    42.506853888     2.283
    42.557108940     3.135
    42.607388256     3.595
    42.657592673     3.300
    42.707806937     3.280
    42.757995314     3.308
    42.808203006    11.194
    42.858623538     5.309
    42.908948731     1.177
    42.959186219    11.842
    43.009516672     7.772
    43.059715057    11.739
    43.109987891    11.367
    43.160442256    11.603
    43.211204118    12.061
    43.261584184    11.936
    43.311961635    11.773
    43.362498505    11.768
    43.412858834    10.728
    43.463180340     1.005
    43.513402960     1.002
    43.563600353     1.002
    43.613845316     1.003
    43.664646171     8.197
    43.715040213     3.593
    43.765483637     4.363
    43.815875966     4.682
    43.866349057     4.016
    43.917481764     5.039
    43.967853114     4.322
    44.018351632     5.434
    44.069707247    10.554
    44.120074449    13.080
    44.171935523    13.294
    44.222433279    13.888
    44.274019618    14.663
    44.324566176    13.761
    44.375896735    14.028
    44.426313620    13.852
    44.477624372    10.699
    44.529911425    13.500
    44.580280961    14.136
    44.631227349    13.532
    44.682412485    13.549
    44.732728891    14.043
    44.783177295    13.962
    44.833431675    12.515
    44.884297752    12.983
    44.934555098    13.921
    44.985765892    13.847
    45.036104140    13.834
    45.086596757    13.436
    45.136868399    13.438
    45.188150898    13.699
    45.239642558    14.529
    45.290682141    14.445
    45.341012294    10.367
    45.391233471    10.167
    45.441711381     7.498
    45.493708369     8.505
    45.544108182    10.402
    45.594358835    11.417
    45.644719905     9.403
    45.695708312     8.247
    45.746640313     9.143
    45.796974583    11.999
    45.847338599    10.317
    45.897812481     6.565
    45.948100163     6.856
    45.998339896     7.881
    46.048700705    10.432
    46.098981004    10.873
    46.149301869    13.857
    46.200717467    13.431
    46.251164418    13.398
    46.301506052    10.075
    46.351868274    13.322
    46.402190973    13.601
    46.452714678    11.680
    46.506978900    13.879
    46.557302329    11.614
    46.607653992    11.924
    46.657949699    12.422
    46.708261217    13.755
    46.758541525    13.412
    46.811724659     4.372
    46.862049221    10.936
    46.912282371    10.715
    46.962600350     7.976
    47.016714631     8.277
    47.067100578    10.913
    47.117450297    10.734
    47.171722413     8.356
    47.222099744     7.545
    47.272407965    11.661
    47.322671923     2.634
    47.372920502     5.813
    47.423172217     3.663
    47.475009306     4.090
    47.525443173     2.817
    47.575676042     4.568
    47.625929651     3.239
    47.676169834     3.258
    47.728718909     3.030
    47.779065382     2.447
    47.829314672     3.256
    47.879556749     3.198
    47.929799998     3.237
    47.980014023     5.883
    48.030298910    11.180
    48.080576383     2.213
    48.130820614     2.052
    48.181054385    11.383
    48.231388385     9.804
    48.282133806    11.848
    48.332799377    12.111
    48.383670955    12.222
    48.434258139    11.779
    48.484596837    11.986
    48.534808548    11.760
    48.585161052    11.838
    48.635464443     1.002
    48.685713864     1.003
    48.735966361     1.004
    48.786256969     1.004
    48.836724178     6.215
    48.888158942     4.739
    48.938473435     4.776
    48.988860814     4.745
    49.039247422     3.972
    49.089515448     4.385
    49.139706028     4.665
    49.189895697     4.550
    49.240133345     6.835
    49.290985998    13.147
    49.341398234    13.940
    49.392749672    14.164
    49.443111122    13.978
    49.493568323    14.022
    49.544264652    13.765
    49.596222387    14.435
    49.646603655    11.563
    49.698051083    13.100
    49.748430027    14.179
    49.798922934    14.173
    49.850049220    12.249
    49.900902423    13.762
    49.951370434    14.123
    50.002165107    14.213
    50.052468870    13.181
    50.102923666    13.012
    50.153218301    11.641
    50.203641639    14.094
    50.255106639    14.524
    50.305361250    13.575
    50.355750413    13.887
    50.406784004    14.383
    50.457765388    14.453
    50.508115077    13.611
    50.559043441     7.687
    50.609301729     7.703
    50.659543144    11.350
    50.710718722     9.140
    50.761087968     7.975
    50.811476880    10.807
    50.861714409    11.421
    50.912090898     8.765
    50.963707653     8.610
    51.014112325    10.593
    51.064404095    11.486
    51.114805170     7.210
    51.165237885     5.703
    51.215507955     6.749
    51.268802117    10.857
    51.319152767    10.027
    51.369514519    12.738
    51.419888022    13.631
    51.470274159    13.691
    51.520607908    12.760
    51.571054148    10.495
    51.621448791    13.754
    51.671782690    12.322
    51.722041960    12.184
    51.772433286    12.464
    51.822901027    11.763
    51.873188008    11.740
    51.923410217    12.425
    51.973716565    13.884
    52.024008425    13.145
    52.074373553     2.589
    52.124732038     1.006
    52.175081537     1.009
    52.196328333     0.423
