34.807904519   1.003
34.908205393   1.003
35.008574935   1.003
35.108803613   1.002
35.210228475   4.638
35.310631490   3.566
35.410927835   3.641
35.511190697   3.274
35.611438832   4.213
35.712524287   8.238
35.812824469  13.326
35.915027732  12.911
36.015460573  12.943
36.115914343  10.993
36.216174209  13.885
36.318146648  12.915
36.419792184  13.727
36.520205489  13.876
36.620681160  12.617
36.722120509  12.978
36.822880554  13.968
36.925147476  14.013
37.025509233  10.883
37.125834883   9.349
37.226653297   8.207
37.327029963  10.948
37.427348910   7.765
37.527653831  10.859
37.628181199   7.199
37.729668929   8.175
37.830200185  12.667
37.930527438  13.483
38.031335052   9.726
38.131661783  10.684
38.232118860  12.225
38.332538406  11.665
38.433653917  12.178
38.534049548  13.194
38.634484163   6.608
38.735660118   7.709
38.836047183  10.604
38.937073166   8.248
39.037653243   9.749
39.138095943   5.195
39.238388871   4.676
39.339700801   3.643
39.440087165   4.119
39.540417323   2.830
39.640661850   3.319
39.740950280   2.814
39.841248919   4.480
39.941671982   6.826
40.041955202   7.065
40.142619157  10.864
40.243014156  11.964
40.343663724  11.802
40.444044898  11.402
40.544424629   2.783
40.644690446   1.001
40.744931978   1.001
40.845204759   1.000
40.945448986   1.001
41.046222195   5.777
41.146616323   3.650
41.247738557   3.973
41.348240037   4.477
41.449057900   5.308
